[1]
name = O
C06 = 0.04136
C12_1 = 0.995E-3
C12_2 = 1.100E-3
C12_3 = 0.0
CONST = TRUE
C06_NB = 0.04756
C12_NB = 0.8611E-3
MATRIX = 1 1 2 1 2 2 2 2 2 2 2 1 1 1 1 1 1 1 1 1 1 1 1 2 2 2 2 2 2 2 1 1 1 1 1 2 2 1 1 1 1 1 1 1 1 1 1 1 1 1 1 1 2 1 2 2 2 2 2 1 1 1 1 1 1 1 1 1 1 1 1 1
[2]
C06 = 0.04756
C12_1 = 0.8611E-3
C12_2 = 1.841E-3
C12_3 = 3.068E-3
CONST = TRUE
C06_NB = 0.04756
C12_NB = 0.8611E-3